order	folder	vid.no	ek.no	easting	northing	month	day	hour	minute
1	A1 (1)	1		689991	646193	7	6	11	32
2	A1(2)	1	7	689991	646193	7	22	17	27
3	A1(2)	2	9	689991	646193	8	6	18	18
4	A1(2)	3	17	689991	646193	8	14	7	0
5	A1(2)	4	30	689991	646193	8	18	16	9
6	A1(2)	5	31	689991	646193	8	19	6	25
7	A1(2)	6	36	689991	646193	8	20	17	5
8	A1(2)	7	38	689991	646193	8	22	14	6
9	A1(2)	8	40	689991	646193	8	22	17	16
10	A1(2)	9	42	689991	646193	8	23	8	45
11	A1(2)	10	45	689991	646193	8	25	9	16
12	A1(2)	11	46	689991	646193	8	25	12	6
13	A1(2)	12	49	689991	646193	8	28	15	35
14	A1(2)	13	51	689991	646193	8	30	6	0
15	A1(2)	14	53	689991	646193	9	2	16	10
16	A1(2)	15	54	689991	646193	9	3	14	43
17	A1(2)	16	55	689991	646193	9	4	12	32
18	A1(2)	17	59	689991	646193	9	8	17	30
19	A1(2)	18	61	689991	646193	9	9	9	51
20	A1(2)	19	62	689991	646193	9	9	11	10
21	A1(2)	20	63	689991	646193	9	10	17	16
22	A1(2)	21	64	689991	646193	9	10	11	13
23	A1(2)	22	69	689991	646193	9	13	9	22
24	A1(2)	23	70	689991	646193	9	13	11	13
25	A1(2)	24	73	689991	646193	9	13	17	2
26	A1(2)	25	74	689991	646193	9	13	18	37
27	A1(2)	26	78	689991	646193	9	14	16	42
28	A2	1	13	689012	645186	7	3	16	36
29	A2	2	14	689012	645186	7	3	18	44
30	A2	3	17	689012	645186	7	10	15	43
31	A2	4	19	689012	645186	7	12	10	42
32	A2	5	22	689012	645186	7	13	7	2
34	A3(1)	1	10	689007	644158	7	7	6	30
35	A3(1)	2	24	689007	644158	7	13	18	0
36	A3(2)	1	5	689007	644158	7	24	9	1
37	A3(2)	2	12	689007	644158	7	28	8	53
39	A3(3)	2	8	689007	644158	8	20	7	32
40	A3(3)	3	9	689007	644158	8	20	16	5
41	A3(3)	4	10	689007	644158	8	22	7	44
42	A3(3)	5	11	689007	644158	8	22	8	44
43	A3(3)	6	12	689007	644158	8	23	7	21
44	A3(3)	7	13	689007	644158	8	23	7	22
45	A3(3)	8	14	689007	644158	8	24	8	2
46	A3(3)	9	16	689007	644158	8	24	17	0
47	A3(3)	10	18	689007	644158	8	25	13	2
48	A3(3)	11	19	689007	644158	8	25	15	11
49	A3(3)	12	20	689007	644158	8	26	6	25
50	A3(3)	13	21	689007	644158	8	26	7	43
51	A3(3)	14	22	689007	644158	8	27	6	54
52	A3(3)	15	23	689007	644158	8	27	15	9
53	A3(3)	16	24	689007	644158	8	28	7	30
54	A3(3)	17	25	689007	644158	8	28	7	32
55	A3(3)	18	29	689007	644158	8	29	13	28
56	A3(3)	19	32	689007	644158	8	29	13	42
57	A3(3)	20	37	689007	644158	8	31	9	1
58	A3(3)	21	38	689007	644158	8	31	15	8
59	A3(3)	22	39	689007	644158	8	31	15	10
60	A3(3)	23	41	689007	644158	9	1	15	8
61	A3(3)	24	44	689007	644158	9	2	11	21
62	A3(3)	25	45	689007	644158	9	2	11	23
63	A3(3)	26	46	689007	644158	9	2	11	26
64	A3(3)	27	48	689007	644158	9	2	17	14
65	A3(3)	28	49	689007	644158	9	3	18	12
66	A3(3)	29	53	689007	644158	9	6	17	34
67	A3(3)	30	54	689007	644158	9	7	10	34
68	A3(3)	31	55	689007	644158	9	8	6	22
69	A3(3)	32	56	689007	644158	9	9	7	49
70	A3(3)	33	57	689007	644158	9	9	10	42
71	A3(3)	34	58	689007	644158	9	10	6	50
72	A3(3)	35	59	689007	644158	9	10	7	15
73	A3(3)	36	60	689007	644158	9	10	15	57
74	A3(3)	37	61	689007	644158	9	10	17	27
75	A3(3)	38	62	689007	644158	9	10	18	12
76	A3(3)	39	64	689007	644158	9	11	6	39
77	A3(3)	40	68	689007	644158	9	12	18	18
78	A3(3)	41	71	689007	644158	9	13	8	13
79	A3(3)	42	72	689007	644158	9	13	9	37
80	A3(3)	43	73	689007	644158	9	13	10	0
81	A3(3)	44	74	689007	644158	9	13	10	3
82	A3(3)	45	75	689007	644158	9	13	10	14
83	A3(3)	46	76	689007	644158	9	13	13	19
84	A3(3)	47	81	689007	644158	9	15	9	30
85	A3(3)	48	82	689007	644158	9	15	14	52
86	A3(3)	49	83	689007	644158	9	16	6	24
87	A3(3)	50	84	689007	644158	9	16	7	31
88	A3(3)	51	85	689007	644158	9	16	7	39
89	A3(3)	52	88	689007	644158	9	16	8	26
90	A3(3)	53	89	689007	644158	9	16	9	31
91	A3(3)	54	92	689007	644158	9	17	6	33
92	A3(3)	55	93	689007	644158	9	17	6	45
93	A3(3)	56	94	689007	644158	9	17	6	47
94	A3(3)	57	95	689007	644158	9	17	9	15
95	A3(3)	58	96	689007	644158	9	17	9	22
96	A3(3)	59	97	689007	644158	9	18	9	14
97	A3(3)	60	98	689007	644158	9	18	14	50
98	A3(3)	61	102	689007	644158	9	19	11	12
99	A3(3)	62	103	689007	644158	9	19	14	15
100	A3(3)	63	104	689007	644158	9	19	17	4
101	A3(3)	64	106	689007	644158	9	20	9	50
102	A3(3)	65	107	689007	644158	9	20	16	21
103	A3(3)	66	109	689007	644158	9	21	6	20
104	A3(3)	67	110	689007	644158	9	21	6	52
105	A3(3)	68	111	689007	644158	9	21	8	19
106	A3(3)	69	114	689007	644158	9	21	11	26
107	A3(3)	70	118	689007	644158	9	21	17	35
108	A3(3)	71	120	689007	644158	9	21	18	31
109	A4	1	6	688999	643213	7	9	16	4
110	A4	2	15	688999	643213	7	27	9	39
111	A4	3	17	688999	643213	8	8	9	57
112	A4	4	21	688999	643213	8	13	15	44
113	A4	5	23	688999	643213	8	15	17	32
114	A4	6	24	688999	643213	8	16	9	29
115	A4	7	28	688999	643213	8	19	8	17
116	A4	8	29	688999	643213	8	19	12	29
117	A4	9	30	688999	643213	8	19	18	56
118	A4	10	31	688999	643213	8	22	7	9
119	A4	11	32	688999	643213	8	22	18	20
120	A4	12	33	688999	643213	8	25	7	55
121	A4	13	35	688999	643213	8	28	13	54
122	A4	14	38	688999	643213	8	28	16	57
123	A4	15	39	688999	643213	8	28	17	11
124	A4	16	40	688999	643213	8	31	11	52
125	A4	17	41	688999	643213	9	1	9	29
126	A4	18	42	688999	643213	9	4	7	27
127	A4	19	43	688999	643213	9	5	17	33
128	A4	20	44	688999	643213	9	7	16	21
129	A4	21	45	688999	643213	9	8	13	19
130	A4	22	47	688999	643213	9	11	8	14
131	A4	23	48	688999	643213	9	11	8	18
132	A4	24	49	688999	643213	9	11	8	25
133	A4	25	50	688999	643213	9	11	18	7
134	A4	26	51	688999	643213	9	12	15	13
135	A4	27	52	688999	643213	9	13	8	16
136	B1(1)	1	18	689999	646201	7	7	11	10
137	B1(2)	1	12	689999	646201	8	31	15	8
138	B2(1)	1	11	690010	645198	7	9	15	50
139	B2(1)	2	12	690010	645198	7	9	15	53
140	B2(1)	3	23	690010	645198	7	20	11	37
141	B2(1)	4	37	690010	645198	7	30	17	24
142	B2(1)	5	38	690010	645198	7	30	17	31
143	B2(1)	6	42	690010	645198	7	31	13	4
144	B2(2)	1	6	690010	645198	8	19	13	54
145	B2(2)	2	7	690010	645198	8	19	13	55
146	B2(2)	3	9	690010	645198	8	20	14	39
147	B2(2)	4	10	690010	645198	8	20	15	12
148	B2(2)	5	11	690010	645198	8	20	15	14
149	B2(2)	6	15	690010	645198	8	23	8	11
150	B2(2)	7	18	690010	645198	8	23	14	38
151	B2(2)	8	23	690010	645198	8	23	14	51
152	B2(2)	9	25	690010	645198	8	23	17	28
153	B2(2)	10	35	690010	645198	8	28	7	24
154	B2(2)	11	37	690010	645198	8	28	17	49
155	B2(2)	12	38	690010	645198	8	29	7	49
156	B2(2)	13	44	690010	645198	8	31	17	26
157	B2(2)	14	45	690010	645198	8	31	23	31
158	B2(2)	15	47	690010	645198	9	1	8	20
159	B2(2)	16	50	690010	645198	9	2	7	27
160	B2(2)	17	51	690010	645198	9	2	16	31
161	B2(2)	18	52	690010	645198	9	2	16	32
162	B2(2)	19	53	690010	645198	9	2	16	34
163	B2(2)	20	54	690010	645198	9	2	16	37
164	B2(2)	21	55	690010	645198	9	2	16	45
165	B2(2)	22	59	690010	645198	9	3	7	36
166	B2(2)	23	62	690010	645198	9	4	7	5
167	B2(2)	24	63	690010	645198	9	4	7	6
168	B2(2)	25	64	690010	645198	9	4	17	8
169	B2(2)	26	65	690010	645198	9	4	17	9
170	B2(2)	27	66	690010	645198	9	4	17	11
171	B2(2)	28	67	690010	645198	9	4	17	12
172	B2(2)	29	68	690010	645198	9	4	17	22
173	B2(2)	30	69	690010	645198	9	4	17	24
174	B2(2)	31	70	690010	645198	9	4	17	26
175	B2(2)	32	71	690010	645198	9	4	17	29
176	B2(2)	33	72	690010	645198	9	4	17	30
177	B2(2)	34	73	690010	645198	9	4	17	39
178	B2(2)	35	74	690010	645198	9	4	17	39
179	B2(2)	36	75	690010	645198	9	4	17	47
180	B2(2)	37	76	690010	645198	9	4	17	48
181	B2(2)	38	77	690010	645198	9	5	6	50
182	B2(2)	39	78	690010	645198	9	5	6	52
183	B2(2)	40	79	690010	645198	9	6	12	28
184	B2(2)	41	80	690010	645198	9	6	12	48
185	B2(2)	42	84	690010	645198	9	6	18	18
186	B2(2)	43	85	690010	645198	9	6	18	19
187	B2(2)	44	87	690010	645198	9	7	10	26
188	B2(2)	45	89	690010	645198	9	7	11	44
189	B2(2)	46	92	690010	645198	9	8	6	47
190	B2(2)	47	93	690010	645198	9	8	8	42
191	B2(2)	48	94	690010	645198	9	8	8	47
192	B2(2)	49	95	690010	645198	9	8	15	5
193	B2(2)	50	96	690010	645198	9	8	15	54
195	B2(3)	1	10	690010	645198	9	10	7	34
196	B2(3)	2	11	690010	645198	9	10	7	36
197	B2(3)	3	12	690010	645198	9	10	17	32
198	B2(3)	4	13	690010	645198	9	11	7	47
199	B2(3)	5	14	690010	645198	9	11	13	6
200	B2(3)	6	16	690010	645198	9	11	13	53
201	B2(3)	7	17	690010	645198	9	11	17	20
202	B2(3)	8	20	690010	645198	9	12	7	3
203	B2(3)	9	26	690010	645198	9	12	17	11
204	B2(3)	10	27	690010	645198	9	12	17	13
205	B2(3)	11	28	690010	645198	9	12	17	34
206	B2(3)	12	34	690010	645198	9	13	7	23
207	B2(3)	13	35	690010	645198	9	13	18	14
208	B2(3)	14	36	690010	645198	9	13	18	16
209	B2(3)	15	37	690010	645198	9	13	18	19
210	B2(3)	16	38	690010	645198	9	14	12	24
211	B2(3)	17	40	690010	645198	9	14	16	2
212	B2(3)	18	41	690010	645198	9	15	16	46
213	B2(3)	19	42	690010	645198	9	16	16	48
214	B2(3)	20	51	690010	645198	9	18	16	14
215	B2(3)	21	52	690010	645198	9	19	14	44
216	B2(3)	22	53	690010	645198	9	19	14	47
217	B2(3)	23	54	690010	645198	9	20	8	48
218	B2(3)	24	55	690010	645198	9	20	8	49
219	B2(3)	25	56	690010	645198	9	20	8	51
220	B2(3)	26	57	690010	645198	9	20	8	53
221	B2(3)	27	58	690010	645198	9	20	9	0
222	B2(3)	28	59	690010	645198	9	20	9	30
223	B2(3)	29	60	690010	645198	9	20	9	31
224	B2(3)	30	61	690010	645198	9	20	9	33
225	B2(3)	31	62	690010	645198	9	20	10	52
226	B2(3)	32	63	690010	645198	9	20	10	55
227	B2(3)	33	66	690010	645198	9	21	8	10
228	B2(3)	34	67	690010	645198	9	21	8	14
229	B3(1)	1	7	690017	644206	7	10	12	58
230	B3(1)	2	10	690017	644206	7	12	15	54
231	B3(2)	1	7	690017	644206	8	16	8	16
232	B3(2)	2	14	690017	644206	8	19	9	12
233	B3(2)	3	19	690017	644206	8	23	10	2
234	B3(2)	4	26	690017	644206	9	8	14	19
235	B4	1	5	690006	643198	7	25	17	25
236	B4	2	6	690006	643198	7	28	11	3
237	B4	3	7	690006	643198	7	28	17	28
238	B4	4	8	690006	643198	7	30	10	49
239	B4	5	13	690006	643198	8	5	16	14
240	B4	6	22	690006	643198	8	14	8	39
241	B4	7	27	690006	643198	8	21	8	9
242	B4	8	29	690006	643198	8	23	13	39
243	B4	9	30	690006	643198	8	24	10	23
244	B4	10	37	690006	643198	9	6	15	55
245	B4	11	47	690006	643198	9	21	18	37
247	C1(1)	1	18	690985	646203	7	11	11	27
248	C1(2)	1	7	690985	646203	8	9	16	10
249	C1(3)	1	10	690985	646203	9	7	10	3
250	C1(3)	2	19	690985	646203	9	17	7	18
251	C1(3)	3	23	690985	646203	9	21	17	17
252	C2(1)	1	755	691012	645186	6	30	13	12
253	C2(1)	2	759	691012	645186	7	2	8	25
254	C2(1)	3	770	691012	645186	7	3	16	39
255	C2(1)	4	771	691012	645186	7	4	6	26
256	C2(1)	5	772	691012	645186	7	4	15	27
257	C2(2)	1	34	691012	645186	7	8	15	39
258	C2(2)	2	36	691012	645186	7	23	8	9
259	C2(2)	3	42	691012	645186	8	3	7	50
260	C2(2)	4	44	691012	645186	8	4	8	58
261	C2(2)	5	50	691012	645186	8	4	17	45
262	C2(3)	1	8	691012	645186	9	8	16	27
263	C2(3)	2	9	691012	645186	9	12	11	37
264	C2(3)	3	10	691012	645186	9	16	10	7
266	C3(2)	1	8	690995	644190	7	12	14	15
267	C3(2)	2	11	690995	644190	7	13	17	55
268	C3(2)	3	14	690995	644190	7	15	14	26
273	C3(3)	5	17	690995	644190	7	24	6	58
274	C3(3)	6	18	690995	644190	7	24	7	9
275	C3(3)	7	20	690995	644190	7	25	12	33
276	C3(3)	8	21	690995	644190	7	26	7	46
277	C3(3)	9	22	690995	644190	7	26	17	34
278	C3(3)	10	23	690995	644190	7	27	6	44
279	C3(3)	11	24	690995	644190	7	28	8	27
280	C3(3)	12	25	690995	644190	7	29	6	51
281	C3(3)	13	26	690995	644190	7	30	11	4
282	C3(3)	14	27	690995	644190	7	30	16	14
283	C3(3)	15	28	690995	644190	7	30	16	49
284	C3(3)	16	29	690995	644190	7	31	6	44
285	C3(3)	17	30	690995	644190	7	31	11	28
286	C3(3)	18	35	690995	644190	8	2	7	11
287	C3(3)	19	36	690995	644190	8	2	10	18
288	C3(3)	20	37	690995	644190	8	2	13	25
289	C3(3)	21	38	690995	644190	8	2	16	46
290	C3(3)	22	39	690995	644190	8	2	17	2
291	C3(3)	23	40	690995	644190	8	3	6	31
292	C3(3)	24	41	690995	644190	8	3	8	54
293	C3(3)	25	42	690995	644190	8	3	9	2
294	C3(3)	26	43	690995	644190	8	3	13	0
295	C3(3)	27	45	690995	644190	8	3	17	14
296	C3(3)	28	46	690995	644190	8	4	6	26
297	C3(3)	29	47	690995	644190	8	4	10	40
298	C3(3)	30	48	690995	644190	8	4	14	39
299	C3(3)	31	49	690995	644190	8	5	6	30
300	C3(3)	32	50	690995	644190	8	5	8	50
301	C3(3)	33	52	690995	644190	8	5	14	11
302	C3(3)	34	53	690995	644190	8	5	18	6
303	C3(3)	35	54	690995	644190	8	6	6	34
304	C3(3)	36	55	690995	644190	8	6	6	42
305	C3(3)	37	58	690995	644190	8	6	18	16
306	C3(3)	38	59	690995	644190	8	7	6	45
307	C3(3)	39	60	690995	644190	8	7	10	19
308	C3(3)	40	61	690995	644190	8	8	14	27
309	C3(3)	41	62	690995	644190	8	8	14	52
310	C3(3)	42	63	690995	644190	8	9	10	16
311	C3(3)	43	64	690995	644190	8	9	15	19
312	C3(3)	44	65	690995	644190	8	9	15	32
313	C3(3)	45	66	690995	644190	8	10	6	29
314	C3(3)	46	67	690995	644190	8	10	7	6
315	C3(3)	47	68	690995	644190	8	10	10	4
316	C3(3)	48	69	690995	644190	8	10	17	57
317	C3(3)	49	70	690995	644190	8	10	18	4
318	C3(3)	50	71	690995	644190	8	11	6	43
319	C3(3)	51	72	690995	644190	8	11	6	51
320	C3(3)	52	73	690995	644190	8	11	13	26
321	C3(3)	53	74	690995	644190	8	13	6	43
322	C3(3)	54	75	690995	644190	8	13	6	45
323	C3(3)	55	76	690995	644190	8	13	9	29
324	C3(3)	56	77	690995	644190	8	13	15	24
325	C3(3)	57	78	690995	644190	8	13	15	28
326	C3(3)	58	79	690995	644190	8	13	15	48
327	C3(3)	59	83	690995	644190	8	14	6	31
328	C3(3)	60	84	690995	644190	8	14	16	53
329	C3(3)	61	85	690995	644190	8	15	6	28
330	C3(3)	62	86	690995	644190	8	16	6	16
331	C3(3)	63	87	690995	644190	8	17	11	10
332	C3(3)	64	90	690995	644190	8	18	6	47
334	C3(4)	1	5	690995	644190	8	21	14	38
335	C3(4)	2	6	690995	644190	8	23	6	44
336	C3(4)	3	8	690995	644190	8	31	11	1
337	C3(4)	4	9	690995	644190	8	31	11	6
338	C3(4)	5	10	690995	644190	9	1	7	13
339	C3(4)	6	11	690995	644190	9	5	7	0
340	C3(4)	7	12	690995	644190	9	5	7	2
341	C3(4)	8	13	690995	644190	9	5	7	20
342	C3(4)	9	16	690995	644190	9	12	7	28
343	C3(4)	10	17	690995	644190	9	14	7	7
344	C3(4)	11	19	690995	644190	9	18	6	19
345	C3(4)	12	20	690995	644190	9	18	18	6
346	C4(1)	1	7	691005	643201	7	3	13	24
347	C4(1)	2	10	691005	643201	7	9	13	8
348	C4(1)	3	12	691005	643201	7	11	18	46
349	C4(1)	4	18	691005	643201	7	15	16	44
350	C4(1)	5	22	691005	643201	7	17	18	35
351	C4(1)	6	23	691005	643201	7	18	6	29
352	C4(2)	1	12	691005	643201	8	7	10	11
353	C4(2)	2	36	691005	643201	8	22	8	13
354	C4(2)	3	38	691005	643201	8	24	6	25
355	C4(2)	4	40	691005	643201	8	24	15	48
356	C4(2)	5	49	691005	643201	8	31	17	2
357	C4(2)	6	60	691005	643201	9	8	18	21
358	C4(2)	7	64	691005	643201	9	10	6	46
359	C4(2)	8	67	691005	643201	9	12	6	27
360	C4(2)	9	70	691005	643201	9	14	9	1
361	C4(2)	10	73	691005	643201	9	15	12	27
362	C5(1)	1	8	691003	642214	7	13	11	43
363	C5(2)	1	6	691003	642214	8	2	13	24
364	C5(2)	2	8	691003	642214	8	5	18	3
365	C5(2)	3	11	691003	642214	8	14	18	41
366	C5(2)	4	12	691003	642214	8	15	15	46
367	C5(2)	5	15	691003	642214	8	24	14	37
369	C6(1)	1	12	690977	641224	7	4	9	14
370	C6(1)	2	13	690977	641224	7	7	14	5
371	C6(1)	3	14	690977	641224	7	8	11	0
372	C6(1)	4	17	690977	641224	7	9	15	27
373	C6(1)	5	18	690977	641224	7	9	17	3
374	C6(1)	6	19	690977	641224	7	9	17	31
375	C6(1)	7	20	690977	641224	7	9	17	49
376	C6(1)	8	21	690977	641224	7	10	8	25
377	C6(1)	9	22	690977	641224	7	10	11	29
378	C6(1)	10	23	690977	641224	7	10	23	8
379	C6(1)	11	27	690977	641224	7	13	10	57
380	C6(1)	12	28	690977	641224	7	13	11	38
381	C6(1)	13	31	690977	641224	7	13	18	8
382	C6(1)	14	32	690977	641224	7	15	6	7
383	C6(1)	15	35	690977	641224	7	16	17	53
384	C6(1)	16	37	690977	641224	7	18	6	37
385	C6(1)	17	39	690977	641224	7	20	12	39
386	C6(1)	18	44	690977	641224	7	24	16	2
387	C6(1)	19	45	690977	641224	7	24	17	51
388	C6(1)	20	46	690977	641224	7	25	6	26
389	C6(1)	21	47	690977	641224	7	25	13	39
390	C6(1)	22	50	690977	641224	7	26	18	20
391	C6(1)	23	51	690977	641224	7	27	18	43
392	C6(1)	24	52	690977	641224	7	27	18	44
393	C6(1)	25	53	690977	641224	7	28	10	25
394	C6(1)	26	56	690977	641224	7	29	18	36
395	C6(1)	27	62	690977	641224	8	1	10	44
396	C6(1)	28	63	690977	641224	8	1	18	0
397	C6(1)	29	65	690977	641224	8	2	16	51
398	C6(1)	30	67	690977	641224	8	3	12	20
399	C6(1)	31	68	690977	641224	8	3	17	34
402	C6(2)	3	9	690977	641224	8	5	18	41
403	C6(2)	4	13	690977	641224	8	6	18	5
404	C6(2)	5	14	690977	641224	8	7	12	53
405	C6(2)	6	15	690977	641224	8	8	7	30
406	C6(2)	7	17	690977	641224	8	9	12	42
407	C6(2)	8	19	690977	641224	8	9	17	28
408	C6(2)	9	20	690977	641224	8	9	17	41
409	C6(2)	10	34	690977	641224	8	11	7	54
410	C6(2)	11	35	690977	641224	8	11	8	34
411	C6(2)	12	36	690977	641224	8	11	11	18
412	C6(2)	13	37	690977	641224	8	11	18	38
413	C6(2)	14	38	690977	641224	8	12	8	5
414	C6(2)	15	39	690977	641224	8	12	8	6
415	C6(2)	16	40	690977	641224	8	12	9	22
416	C6(2)	17	41	690977	641224	8	12	9	24
417	C6(2)	18	42	690977	641224	8	12	9	26
418	C6(2)	19	43	690977	641224	8	12	9	30
419	C6(2)	20	44	690977	641224	8	12	10	45
420	C6(2)	21	45	690977	641224	8	12	10	47
421	C6(2)	22	46	690977	641224	8	12	13	0
422	C6(2)	23	47	690977	641224	8	12	13	2
423	C6(2)	24	48	690977	641224	8	12	13	4
424	C6(2)	25	49	690977	641224	8	12	13	6
425	C6(2)	26	50	690977	641224	8	12	15	28
426	C6(2)	27	51	690977	641224	8	12	15	29
427	C6(2)	28	52	690977	641224	8	12	15	51
428	C6(2)	29	53	690977	641224	8	13	6	30
429	C6(2)	30	54	690977	641224	8	13	6	31
430	C6(2)	31	55	690977	641224	8	13	6	32
431	C6(2)	32	56	690977	641224	8	13	8	17
432	C6(2)	33	57	690977	641224	8	13	8	33
433	C6(2)	34	58	690977	641224	8	13	9	17
434	C6(2)	35	59	690977	641224	8	13	9	32
435	C6(2)	36	60	690977	641224	8	13	11	50
436	C6(2)	37	61	690977	641224	8	13	14	43
437	C6(2)	38	62	690977	641224	8	13	14	45
438	C6(2)	39	63	690977	641224	8	13	14	46
439	C6(2)	40	64	690977	641224	8	13	15	42
440	C6(2)	41	68	690977	641224	8	14	6	17
441	C6(2)	42	69	690977	641224	8	14	6	25
442	C6(2)	43	70	690977	641224	8	14	6	53
443	C6(2)	44	71	690977	641224	8	14	6	54
444	C6(2)	45	72	690977	641224	8	14	7	0
445	C6(2)	46	73	690977	641224	8	14	9	21
446	C6(2)	47	74	690977	641224	8	14	9	52
447	C6(2)	48	75	690977	641224	8	14	10	2
448	C6(2)	49	76	690977	641224	8	14	11	34
449	C6(2)	50	77	690977	641224	8	14	12	37
450	C6(2)	51	78	690977	641224	8	14	12	51
451	C6(2)	52	79	690977	641224	8	14	12	57
452	C6(2)	53	80	690977	641224	8	14	14	51
453	C6(2)	54	81	690977	641224	8	14	14	52
454	C6(2)	55	83	690977	641224	8	15	7	26
455	C6(2)	56	85	690977	641224	8	15	7	39
456	C6(2)	57	86	690977	641224	8	15	7	49
457	C6(2)	58	87	690977	641224	8	15	7	59
458	C6(2)	59	88	690977	641224	8	15	13	20
459	C6(2)	60	89	690977	641224	8	15	16	38
460	C6(2)	61	90	690977	641224	8	15	17	19
461	C6(2)	62	91	690977	641224	8	16	6	41
462	C6(2)	63	94	690977	641224	8	16	7	29
463	C6(2)	64	95	690977	641224	8	16	9	26
464	C6(2)	65	96	690977	641224	8	16	13	38
465	C6(2)	66	99	690977	641224	8	17	6	37
466	C6(2)	67	100	690977	641224	8	17	7	26
467	C6(2)	68	101	690977	641224	8	17	7	49
468	C6(2)	69	102	690977	641224	8	17	7	51
469	C6(2)	70	104	690977	641224	8	17	10	0
470	C6(2)	71	106	690977	641224	8	17	11	52
471	C6(2)	72	107	690977	641224	8	17	14	15
472	C6(2)	73	107	690977	641224	8	17	16	23
473	C6(2)	74	110	690977	641224	8	17	16	47
474	C6(2)	75	112	690977	641224	8	18	6	42
475	C6(2)	76	113	690977	641224	8	18	6	50
476	C6(2)	77	115	690977	641224	8	18	8	19
477	C6(2)	78	117	690977	641224	8	18	17	9
478	C6(2)	79	118	690977	641224	8	18	17	10
479	C6(2)	80	119	690977	641224	8	19	6	59
480	C6(2)	81	120	690977	641224	8	19	7	0
481	C6(2)	82	121	690977	641224	8	19	7	6
482	C6(2)	83	122	690977	641224	8	19	8	9
483	C6(2)	84	123	690977	641224	8	19	12	41
484	C6(2)	85	124	690977	641224	8	19	13	41
485	C6(2)	86	125	690977	641224	8	19	13	42
486	C6(2)	87	126	690977	641224	8	19	14	15
487	C6(2)	88	127	690977	641224	8	19	16	48
488	C6(2)	89	128	690977	641224	8	19	17	39
489	C6(2)	90	129	690977	641224	8	20	11	27
490	C6(2)	91	130	690977	641224	8	20	16	53
491	C6(2)	92	132	690977	641224	8	20	6	39
492	C6(2)	93	134	690977	641224	8	21	6	25
493	C6(2)	94	135	690977	641224	8	21	7	32
494	C6(2)	95	136	690977	641224	8	21	10	11
495	C6(2)	96	138	690977	641224	8	22	6	45
496	C6(2)	97	139	690977	641224	8	22	8	54
497	C6(2)	98	142	690977	641224	8	22	15	3
498	C6(2)	99	144	690977	641224	8	22	16	26
499	C6(2)	100	145	690977	641224	8	22	16	28
500	C6(2)	101	146	690977	641224	8	22	17	33
501	C6(2)	102	147	690977	641224	8	22	17	37
502	C6(2)	103	151	690977	641224	8	23	11	1
503	C6(2)	104	155	690977	641224	8	23	14	46
504	C6(2)	105	156	690977	641224	8	23	14	57
505	C6(2)	106	157	690977	641224	8	23	15	23
506	C6(2)	107	158	690977	641224	8	24	10	41
507	C6(2)	108	159	690977	641224	8	24	11	13
508	C6(2)	109	160	690977	641224	8	24	12	56
509	C6(2)	110	163	690977	641224	8	25	7	51
510	C6(2)	111	164	690977	641224	8	25	15	6
511	C6(2)	112	168	690977	641224	8	26	16	22
512	C6(2)	113	169	690977	641224	8	26	16	29
513	C6(2)	114	170	690977	641224	8	26	17	39
514	C6(2)	115	172	690977	641224	8	27	8	49
515	C6(2)	116	174	690977	641224	8	27	17	12
516	C6(2)	117	176	690977	641224	8	28	10	11
517	C6(2)	118	177	690977	641224	8	28	14	24
518	C6(2)	119	178	690977	641224	8	28	15	35
519	C6(2)	120	179	690977	641224	8	28	17	47
520	C6(2)	121	180	690977	641224	8	29	7	1
521	C6(2)	122	181	690977	641224	8	29	10	46
522	C6(2)	123	185	690977	641224	8	30	10	43
523	C6(2)	124	188	690977	641224	8	31	6	55
524	C6(2)	125	189	690977	641224	8	31	12	5
525	C6(2)	126	190	690977	641224	8	31	12	10
526	C6(2)	127	191	690977	641224	8	31	17	6
527	C6(2)	128	192	690977	641224	8	31	17	8
528	C6(2)	129	193	690977	641224	8	31	17	12
529	C6(2)	130	194	690977	641224	9	1	9	26
530	C6(2)	131	196	690977	641224	9	1	18	13
531	C6(2)	132	197	690977	641224	9	2	7	3
532	C6(2)	133	198	690977	641224	9	2	14	20
533	C6(2)	134	199	690977	641224	9	2	14	23
534	C6(2)	135	200	690977	641224	9	2	14	26
535	C6(2)	136	201	690977	641224	9	2	17	31
536	C6(2)	137	203	690977	641224	9	2	18	17
537	C6(2)	138	204	690977	641224	9	3	7	35
538	C6(2)	139	205	690977	641224	9	3	7	37
539	C6(2)	140	206	690977	641224	9	3	16	5
540	C6(2)	141	207	690977	641224	9	3	16	42
541	C6(2)	142	209	690977	641224	9	4	13	3
542	C6(2)	143	210	690977	641224	9	4	14	33
543	C6(2)	144	212	690977	641224	9	4	16	58
544	C6(2)	145	215	690977	641224	9	5	14	23
545	C6(2)	146	220	690977	641224	9	6	9	58
546	C6(2)	147	222	690977	641224	9	6	13	11
547	C6(2)	148	223	690977	641224	9	7	8	45
548	C6(2)	149	224	690977	641224	9	7	13	34
549	C6(2)	150	225	690977	641224	9	7	16	34
550	C6(2)	151	226	690977	641224	9	8	6	54
551	C6(2)	152	227	690977	641224	9	8	12	4
552	C6(2)	153	230	690977	641224	9	8	16	58
553	C6(2)	154	231	690977	641224	9	8	18	10
554	C6(2)	155	232	690977	641224	9	8	18	18
555	C6(2)	156	234	690977	641224	9	9	12	53
556	C6(2)	157	235	690977	641224	9	10	8	10
557	C6(2)	158	236	690977	641224	9	10	14	4
558	C6(2)	159	244	690977	641224	9	11	11	10
559	C6(2)	160	248	690977	641224	9	12	13	58
560	C6(2)	161	250	690977	641224	9	12	15	50
561	C6(2)	162	251	690977	641224	9	12	15	52
562	C6(2)	163	252	690977	641224	9	13	11	56
563	C6(2)	164	254	690977	641224	9	14	16	20
564	C6(2)	165	256	690977	641224	9	16	14	57
565	C6(2)	166	257	690977	641224	9	17	11	19
566	D3(1)	1	17	692017	644193	7	19	7	57
567	D3(1)	2	30	692017	644193	7	28	17	46
568	D3(1)	3	31	692017	644193	8	2	13	7
569	D3(2)	1	4	692017	644193	8	4	9	26
570	D3(2)	2	6	692017	644193	8	5	18	35
571	D3(2)	3	14	692017	644193	8	10	19	4
572	D3(2)	4	24	692017	644193	8	14	11	49
573	D3(2)	5	25	692017	644193	8	14	11	53
574	D3(2)	6	28	692017	644193	8	15	11	10
575	D3(2)	7	29	692017	644193	8	15	13	27
576	D3(2)	8	30	692017	644193	8	18	16	41
577	D3(2)	9	31	692017	644193	8	21	6	16
578	D3(2)	10	33	692017	644193	8	23	6	23
579	D3(2)	11	35	692017	644193	8	23	13	24
580	D3(2)	12	38	692017	644193	8	24	19	38
581	D3(2)	13	40	692017	644193	8	26	9	46
582	D3(2)	14	41	692017	644193	8	26	10	28
583	D3(2)	15	42	692017	644193	8	28	12	34
584	D3(2)	16	43	692017	644193	8	28	12	37
585	D3(2)	17	49	692017	644193	8	30	18	29
586	D3(2)	18	53	692017	644193	9	4	13	4
587	D3(2)	19	69	692017	644193	9	15	10	1
588	D3(2)	20	73	692017	644193	9	17	15	43
589	D3(2)	21	77	692017	644193	9	18	18	50
590	D3(2)	22	78	692017	644193	9	19	10	4
591	D3(2)	23	79	692017	644193	9	19	10	9
592	D3(2)	24	82	692017	644193	9	20	8	15
593	D3(2)	25	83	692017	644193	9	20	8	45
594	D3(2)	26	84	692017	644193	9	20	9	8
595	D4	1	10	691993	643181	7	5	15	1
596	D4	2	11	691993	643181	7	13	11	1
597	D4	3	14	691993	643181	7	22	18	0
598	D4	4	24	691993	643181	8	3	17	34
599	D4	5	25	691993	643181	8	3	18	17
600	D4	6	27	691993	643181	8	7	12	10
601	D4	7	36	691993	643181	8	11	8	51
602	D4	8	39	691993	643181	8	13	9	41
603	D4	9	43	691993	643181	8	16	18	8
604	D4	10	44	691993	643181	8	17	10	17
605	D4	11	46	691993	643181	8	19	16	17
606	D4	12	47	691993	643181	8	19	17	16
607	D4	13	50	691993	643181	8	28	9	25
608	D4	14	61	691993	643181	9	13	16	30
609	D4	15	63	691993	643181	9	16	7	26
610	D4	16	67	691993	643181	9	18	7	41
611	D4	17	70	691993	643181	9	20	9	20
612	D4	18	71	691993	643181	9	20	10	37
613	D5	1	5	692006	642200	7	19	10	56
614	D5	2	6	692006	642200	7	19	11	3
615	D5	3	8	692006	642200	7	21	11	4
616	D5	4	10	692006	642200	7	25	18	5
617	D5	5	11	692006	642200	7	25	18	7
618	D5	6	13	692006	642200	7	26	17	53
619	D5	7	14	692006	642200	7	29	12	21
620	D5	8	15	692006	642200	7	31	10	12
621	D5	9	17	692006	642200	8	1	16	53
622	D5	10	18	692006	642200	8	2	17	42
623	D5	11	19	692006	642200	8	3	6	57
624	D5	12	27	692006	642200	8	6	17	28
625	D5	13	28	692006	642200	8	8	7	4
626	D5	14	31	692006	642200	8	9	6	55
627	D5	15	32	692006	642200	8	9	12	7
628	D5	16	34	692006	642200	8	12	10	17
629	D5	17	36	692006	642200	8	14	9	26
630	D5	18	38	692006	642200	8	15	12	24
631	D5	19	39	692006	642200	8	15	13	4
632	D5	20	40	692006	642200	8	15	13	45
633	D5	21	41	692006	642200	8	15	14	36
634	D5	22	42	692006	642200	8	17	7	19
635	D5	23	44	692006	642200	8	18	7	3
636	D5	24	47	692006	642200	8	20	9	34
637	D5	25	49	692006	642200	8	22	18	16
638	D5	26	50	692006	642200	8	23	7	6
639	D5	27	51	692006	642200	8	24	12	0
640	D5	28	52	692006	642200	8	25	7	33
641	D5	29	53	692006	642200	8	26	7	18
642	D5	30	56	692006	642200	8	26	9	47
643	D5	31	57	692006	642200	8	26	9	50
644	D5	32	58	692006	642200	8	26	13	20
645	D5	33	63	692006	642200	8	31	7	35
646	D5	34	65	692006	642200	9	3	16	42
647	D5	35	67	692006	642200	9	5	7	58
648	D5	36	70	692006	642200	9	9	8	48
649	D5	37	71	692006	642200	9	12	13	47
650	D5	38	74	692006	642200	9	17	12	36
651	D5	39	77	692006	642200	9	18	17	38
652	D5	40	78	692006	642200	9	20	16	40
653	D5	41	79	692006	642200	9	21	7	17
668	E3(1)	1	7	692983	644219	7	7	14	28
669	E3(1)	2	8	692983	644219	7	8	8	27
670	E3(1)	3	10	692983	644219	7	8	12	0
671	E3(1)	4	11	692983	644219	7	9	11	49
672	E3(1)	5	13	692983	644219	7	10	10	26
673	E3(1)	6	14	692983	644219	7	10	18	20
674	E3(1)	7	15	692983	644219	7	11	10	3
675	E3(1)	8	16	692983	644219	7	11	10	48
676	E3(1)	9	18	692983	644219	7	12	11	25
677	E3(1)	10	19	692983	644219	7	12	12	7
678	E3(1)	11	21	692983	644219	7	12	15	3
679	E3(1)	12	22	692983	644219	7	13	7	42
680	E3(1)	13	23	692983	644219	7	14	11	37
681	E3(1)	14	25	692983	644219	7	15	13	29
682	E3(1)	15	26	692983	644219	7	15	13	33
683	E3(1)	16	30	692983	644219	7	16	12	4
684	E3(1)	17	31	692983	644219	7	16	13	36
685	E3(1)	18	33	692983	644219	7	17	11	20
686	E3(1)	19	36	692983	644219	7	18	13	9
687	E3(1)	20	37	692983	644219	7	18	15	59
688	E3(1)	21	39	692983	644219	7	19	6	16
689	E3(1)	22	40	692983	644219	7	19	9	43
690	E3(1)	23	42	692983	644219	7	20	13	33
691	E3(1)	24	43	692983	644219	7	20	13	39
692	E3(1)	25	44	692983	644219	7	22	8	50
693	E3(1)	26	49	692983	644219	7	26	13	2
694	E3(1)	27	52	692983	644219	7	29	11	39
695	E3(1)	28	55	692983	644219	8	3	9	13
696	E3(1)	29	57	692983	644219	8	5	11	42
697	E3(1)	30	60	692983	644219	8	6	8	43
698	E3(1)	31	63	692983	644219	8	9	12	6
703	E5(1)	1	8	692995	642203	7	11	17	22
704	E5(1)	2	9	692995	642203	7	14	18	4
705	E5(1)	3	15	692995	642203	7	20	17	45
706	E5(1)	4	16	692995	642203	7	20	18	11
707	E5(1)	5	18	692995	642203	7	24	7	4
708	E5(1)	6	19	692995	642203	7	25	6	41
709	E5(1)	7	24	692995	642203	7	29	6	45
710	E5(1)	8	28	692995	642203	7	30	8	44
711	E5(1)	9	31	692995	642203	8	1	7	50
712	E5(1)	10	43	692995	642203	8	4	18	3
713	E5(1)	11	44	692995	642203	8	6	8	20
714	E5(1)	12	59	692995	642203	8	15	6	22
715	E5(1)	13	61	692995	642203	8	16	6	28
717	E5(1)	15	70	692995	642203	8	19	16	51
718	E5(1)	16	73	692995	642203	8	22	23	48
719	E5(1)	17	75	692995	642203	8	24	8	47
720	E5(1)	18	78	692995	642203	8	26	7	30
721	E5(1)	19	80	692995	642203	8	27	17	49
722	E5(1)	20	84	692995	642203	8	29	7	31
723	E5(1)	21	86	692995	642203	8	30	17	35
724	E5(1)	22	94	692995	642203	9	5	6	6
725	E5(1)	23	95	692995	642203	9	6	18	6
726	E5(1)	24	100	692995	642203	9	11	15	53
727	E5(1)	25	103	692995	642203	9	15	8	1
728	E5(1)	26	107	692995	642203	9	20	6	44
729	E5(1)	27	108	692995	642203	9	20	17	3
730	E5(1)	28	111	692995	642203	9	21	17	17
731	E6(1)	1	12	692974	641159	7	12	18	47
732	E6(1)	2	13	692974	641159	7	13	14	33
733	E6(1)	3	14	692974	641159	7	14	11	25
734	E6(1)	4	15	692974	641159	7	14	16	6
735	E6(1)	5	19	692974	641159	7	18	10	26
736	E6(1)	6	21	692974	641159	7	19	11	15
737	E6(1)	7	22	692974	641159	7	20	11	27
738	E6(1)	8	23	692974	641159	7	20	12	33
739	E6(1)	9	24	692974	641159	7	20	13	25
740	E6(1)	10	25	692974	641159	7	20	17	14
741	E6(1)	11	27	692974	641159	7	21	8	35
742	E6(1)	12	32	692974	641159	7	26	9	19
743	E6(1)	13	33	692974	641159	7	28	8	34
744	E6(1)	14	34	692974	641159	7	28	15	18
745	E6(1)	15	37	692974	641159	7	29	9	30
746	E6(1)	16	47	692974	641159	7	31	14	6
747	E6(1)	17	49	692974	641159	8	2	10	44
748	E6(1)	18	50	692974	641159	8	2	11	7
749	E6(1)	19	53	692974	641159	8	4	12	20
750	E6(1)	20	54	692974	641159	8	5	7	14
751	E6(1)	21	57	692974	641159	8	5	12	7
752	E6(1)	22	58	692974	641159	8	6	7	37
753	E6(1)	23	63	692974	641159	8	10	9	6
754	E6(1)	24	64	692974	641159	8	11	7	54
755	E6(1)	25	67	692974	641159	8	12	8	22
756	E6(1)	26	71	692974	641159	8	13	11	39
757	E6(1)	27	77	692974	641159	8	14	14	12
758	E6(1)	28	78	692974	641159	8	14	16	36
759	E6(1)	29	82	692974	641159	8	15	16	45
760	E6(1)	30	83	692974	641159	8	16	8	20
761	E6(1)	31	85	692974	641159	8	16	14	7
762	E6(2)	1	8	692974	641159	8	19	8	55
763	E6(2)	2	9	692974	641159	8	19	11	34
764	E6(2)	3	10	692974	641159	8	19	11	35
765	E6(2)	4	11	692974	641159	8	20	6	38
766	E6(2)	5	12	692974	641159	8	20	6	41
767	E6(2)	6	13	692974	641159	8	21	7	18
768	E6(2)	7	14	692974	641159	8	21	7	19
769	E6(2)	8	15	692974	641159	8	21	7	22
770	E6(2)	9	16	692974	641159	8	21	7	25
771	E6(2)	10	18	692974	641159	8	21	16	7
772	E6(2)	11	19	692974	641159	8	22	16	8
773	E6(2)	12	20	692974	641159	8	22	16	10
774	E6(2)	13	21	692974	641159	8	23	6	42
775	E6(2)	14	25	692974	641159	8	24	10	54
776	E6(2)	15	27	692974	641159	8	25	7	27
777	E6(2)	16	28	692974	641159	8	25	17	23
778	E6(2)	17	31	692974	641159	8	27	8	43
779	E6(2)	18	33	692974	641159	8	28	8	16
780	E6(2)	19	36	692974	641159	8	29	7	19
781	E6(2)	20	37	692974	641159	8	29	7	55
782	E6(2)	21	41	692974	641159	8	30	9	24
783	E6(2)	22	42	692974	641159	8	31	7	59
784	E6(2)	23	43	692974	641159	8	31	8	1
785	E6(2)	24	44	692974	641159	8	31	8	31
786	E6(2)	25	45	692974	641159	9	1	6	28
787	E6(2)	26	46	692974	641159	9	1	11	38
788	E6(2)	27	47	692974	641159	9	1	11	44
789	E6(2)	28	48	692974	641159	9	1	15	24
790	E6(2)	29	49	692974	641159	9	2	7	39
791	E6(2)	30	50	692974	641159	9	3	8	7
792	E6(2)	31	54	692974	641159	9	4	14	0
793	E6(2)	32	55	692974	641159	9	5	6	15
794	E6(2)	33	57	692974	641159	9	5	7	0
795	E6(2)	34	58	692974	641159	9	5	7	1
796	E6(2)	35	59	692974	641159	9	5	7	4
797	E6(2)	36	60	692974	641159	9	5	7	6
798	E6(2)	37	62	692974	641159	9	5	7	35
799	E6(2)	38	65	692974	641159	9	5	10	18
800	E6(2)	39	68	692974	641159	9	6	14	53
801	E6(2)	40	69	692974	641159	9	6	15	42
802	E6(2)	41	72	692974	641159	9	7	15	3
803	E6(2)	42	73	692974	641159	9	7	15	55
804	E6(2)	43	75	692974	641159	9	8	6	38
805	E6(2)	44	76	692974	641159	9	8	7	15
806	E6(2)	45	77	692974	641159	9	8	17	7
807	E6(2)	46	78	692974	641159	9	8	17	9
808	E6(2)	47	79	692974	641159	9	9	7	12
809	E6(2)	48	81	692974	641159	9	10	7	43
810	E6(2)	49	82	692974	641159	9	10	7	46
811	E6(2)	50	83	692974	641159	9	10	7	50
812	E6(2)	51	85	692974	641159	9	10	15	44
813	E6(2)	52	86	692974	641159	9	10	16	13
814	E6(2)	53	87	692974	641159	9	11	7	26
815	E6(2)	54	88	692974	641159	9	11	7	46
816	E6(2)	55	89	692974	641159	9	11	16	51
817	E6(2)	56	91	692974	641159	9	12	7	41
818	E6(2)	57	93	692974	641159	9	12	12	22
819	E6(2)	58	95	692974	641159	9	13	8	56
820	E6(2)	59	97	692974	641159	9	13	13	17
821	E6(2)	60	98	692974	641159	9	13	13	19
822	E6(2)	61	99	692974	641159	9	14	7	13
823	E6(2)	62	100	692974	641159	9	14	7	32
824	E6(2)	63	101	692974	641159	9	14	10	22
825	E6(2)	64	102	692974	641159	9	14	13	29
826	E6(2)	65	103	692974	641159	9	15	6	21
827	E6(2)	66	107	692974	641159	9	16	8	33
828	E6(2)	67	108	692974	641159	9	16	8	34
829	E6(2)	68	111	692974	641159	9	17	6	48
830	E6(2)	69	112	692974	641159	9	17	17	12
831	E6(2)	70	113	692974	641159	9	18	6	32
832	E6(2)	71	114	692974	641159	9	18	14	20
833	E6(2)	72	115	692974	641159	9	18	14	32
834	E6(2)	73	116	692974	641159	9	19	6	47
835	E6(2)	74	117	692974	641159	9	19	7	18
838	E6(2)	77	122	692974	641159	9	21	7	15
839	E6(2)	78	123	692974	641159	9	21	7	16
840	E6(2)	79	124	692974	641159	9	21	11	40
